tanggal,KASUS,MENINGGAL,SEMBUH,DIRAWAT_OR_ISOLASI,AKUMULASI_KASUS,AKUMULASI_SEMBUH,AKUMULASI_MENINGGAL,AKUMULASI_DIRAWAT_OR_ISOLASI
2020-03-23,1,2,0,-1,1,0,2,-1
2020-03-24,0,0,0,0,1,0,2,-1
2020-03-25,0,0,0,0,1,0,2,-1
2020-03-26,0,0,0,0,1,0,2,-1
2020-03-27,0,0,0,0,1,0,2,-1
2020-03-28,1,0,0,1,2,0,2,0
2020-03-29,0,0,0,0,2,0,2,0
2020-03-30,0,0,0,0,2,0,2,0
2020-03-31,3,0,0,3,5,0,2,3
2020-04-01,0,0,0,0,5,0,2,3
2020-04-02,6,0,0,6,11,0,2,9
2020-04-03,1,0,0,1,12,0,2,10
2020-04-04,0,0,1,-1,12,1,2,9
2020-04-05,4,0,0,4,16,1,2,13
2020-04-06,0,0,0,0,16,1,2,13
2020-04-07,0,0,0,0,16,1,2,13
2020-04-08,0,0,0,0,16,1,2,13
2020-04-09,1,0,0,1,17,1,2,14
2020-04-10,1,0,0,1,18,1,2,15
2020-04-11,0,0,0,0,18,1,2,15
2020-04-12,0,0,2,-2,18,3,2,13
2020-04-13,0,0,0,0,18,3,2,13
2020-04-14,1,0,0,1,19,3,2,14
2020-04-15,3,0,0,3,22,3,2,17
2020-04-16,18,0,0,18,40,3,2,35
2020-04-17,14,0,0,14,54,3,2,49
2020-04-18,30,1,0,29,84,3,3,78
2020-04-19,5,0,0,5,89,3,3,83
2020-04-20,0,0,0,0,89,3,3,83
2020-04-21,0,0,0,0,89,3,3,83
2020-04-22,0,0,0,0,89,3,3,83
2020-04-23,4,0,1,3,93,4,3,86
2020-04-24,13,0,2,11,106,6,3,97
2020-04-25,13,0,10,3,119,16,3,100
2020-04-26,10,0,0,10,129,16,3,110
2020-04-27,0,0,4,-4,129,20,3,106
2020-04-28,14,0,3,11,143,23,3,117
2020-04-29,1,0,0,1,144,23,3,118
2020-04-30,6,0,0,6,150,23,3,124
2020-05-01,6,0,5,1,156,28,3,125
2020-05-02,0,2,0,-2,156,28,5,123
2020-05-03,28,0,7,21,184,35,5,144
2020-05-04,0,1,7,-8,184,42,6,136
2020-05-05,15,0,4,11,199,46,6,147
2020-05-06,11,1,0,10,210,46,7,157
2020-05-07,17,2,2,13,227,48,9,170
2020-05-08,0,1,0,-1,227,48,10,169
2020-05-09,51,0,6,45,278,54,10,214
2020-05-10,0,3,9,-12,278,63,13,202
2020-05-11,0,0,0,0,278,63,13,202
2020-05-12,1,1,9,-9,279,72,14,193
2020-05-13,43,2,0,41,322,72,16,234
2020-05-14,117,1,0,116,439,72,17,350
2020-05-15,16,1,0,15,455,72,18,365
2020-05-16,0,0,0,0,455,72,18,365
2020-05-17,66,3,0,63,521,72,21,428
2020-05-18,16,2,4,10,537,76,23,438
2020-05-19,57,0,0,57,594,76,23,495
2020-05-20,50,2,1,47,644,77,25,542
2020-05-21,28,1,17,10,672,94,26,552
2020-05-22,19,1,5,13,691,99,27,565
2020-05-23,32,3,2,27,723,101,30,592
2020-05-24,11,0,10,1,734,111,30,593
2020-05-25,72,0,2,70,806,113,30,663
2020-05-26,58,0,0,58,864,113,30,721
2020-05-27,48,1,8,39,912,121,31,760
2020-05-28,27,0,14,13,939,135,31,773
2020-05-29,12,1,0,11,951,135,32,784
2020-05-30,11,4,66,-59,962,201,36,725
2020-05-31,19,0,11,8,981,212,36,733
2020-06-01,12,0,9,3,993,221,36,736
2020-06-02,26,0,2,24,1019,223,36,760
2020-06-03,10,0,22,-12,1029,245,36,748
2020-06-04,27,3,17,7,1056,262,39,755
2020-06-05,17,3,19,-5,1073,281,42,750
2020-06-06,28,1,14,13,1101,295,43,763
2020-06-07,25,0,48,-23,1126,343,43,740
2020-06-08,27,0,47,-20,1153,390,43,720
2020-06-09,30,1,11,18,1183,401,44,738
2020-06-10,40,3,48,-11,1223,449,47,727
2020-06-11,39,0,63,-24,1262,512,47,703
2020-06-12,34,5,31,-2,1296,543,52,701
2020-06-13,23,2,14,7,1319,557,54,708
2020-06-14,69,0,61,8,1388,618,54,716
2020-06-15,49,2,31,16,1437,649,56,732
2020-06-16,50,4,21,25,1487,670,60,757
2020-06-17,53,3,11,39,1540,681,63,796
2020-06-18,56,2,26,28,1596,707,65,824
2020-06-19,74,1,31,42,1670,738,66,866
2020-06-20,50,3,9,38,1720,747,69,904
2020-06-21,57,4,4,49,1777,751,73,953
2020-06-22,59,0,17,42,1836,768,73,995
2020-06-23,17,2,47,-32,1853,815,75,963
2020-06-24,13,3,14,-4,1866,829,78,959
2020-06-25,26,2,76,-52,1892,905,80,907
2020-06-26,14,1,15,-2,1906,920,81,905
2020-06-27,42,0,16,26,1948,936,81,931
2020-06-28,51,1,17,33,1999,953,82,964
2020-06-29,23,8,66,-51,2022,1019,90,913
2020-06-30,27,3,5,19,2049,1024,93,932
2020-07-01,29,8,17,4,2078,1041,101,936
2020-07-02,42,3,43,-4,2120,1084,104,932
2020-07-03,36,0,24,12,2156,1108,104,944
2020-07-04,49,1,11,37,2205,1119,105,981
2020-07-05,50,1,40,9,2255,1159,106,990
2020-07-06,71,6,22,43,2326,1181,112,1033
2020-07-07,30,1,28,1,2356,1209,113,1034
2020-07-08,63,0,10,53,2419,1219,113,1087
2020-07-09,56,6,4,46,2475,1223,119,1133
2020-07-10,93,2,15,76,2568,1238,121,1209
2020-07-11,36,3,4,29,2604,1242,124,1238
2020-07-12,49,1,34,14,2653,1276,125,1252
2020-07-13,50,4,30,16,2703,1306,129,1268
2020-07-14,51,4,19,28,2754,1325,133,1296
2020-07-15,30,0,14,16,2784,1339,133,1312
2020-07-16,45,3,21,21,2829,1360,136,1333
2020-07-17,70,2,27,41,2899,1387,138,1374
2020-07-18,67,1,4,62,2966,1391,139,1436
2020-07-19,46,1,17,28,3012,1408,140,1464
2020-07-20,42,2,1,39,3054,1409,142,1503
2020-07-21,58,2,9,47,3112,1418,144,1550
2020-07-22,37,0,53,-16,3149,1471,144,1534
2020-07-23,16,5,54,-43,3165,1525,149,1491
2020-07-24,46,0,55,-9,3211,1580,149,1482
2020-07-25,17,4,29,-16,3228,1609,153,1466
2020-07-26,23,1,35,-13,3251,1644,154,1453
2020-07-27,24,1,35,-12,3275,1679,155,1441
2020-07-28,21,0,14,7,3296,1693,155,1448
2020-07-29,34,7,20,7,3330,1713,162,1455
2020-07-30,57,0,42,15,3387,1755,162,1470
2020-07-31,30,1,38,-9,3417,1793,163,1461
2020-08-01,10,0,32,-22,3427,1825,163,1439
2020-08-02,17,2,31,-16,3444,1856,165,1423
2020-08-03,11,4,7,0,3455,1863,169,1423
2020-08-04,35,0,26,9,3490,1889,169,1432
2020-08-05,62,6,25,31,3552,1914,175,1463
2020-08-06,50,4,94,-48,3602,2008,179,1415
2020-08-07,21,4,89,-72,3623,2097,183,1343
2020-08-08,52,2,71,-21,3675,2168,185,1322
2020-08-09,19,11,64,-56,3694,2232,196,1266
2020-08-10,19,3,79,-63,3713,2311,199,1203
2020-08-11,22,2,60,-40,3735,2371,201,1163
2020-08-12,43,2,1,40,3778,2372,203,1203
2020-08-13,27,0,43,-16,3805,2415,203,1187
2020-08-14,39,2,112,-75,3844,2527,205,1112
2020-08-15,36,1,36,-1,3880,2563,206,1111
2020-08-16,29,0,35,-6,3909,2598,206,1105
2020-08-17,1,0,28,-27,3910,2626,206,1078
2020-08-18,9,1,15,-7,3919,2641,207,1071
2020-08-19,45,6,38,1,3964,2679,213,1072
2020-08-20,24,3,13,8,3988,2692,216,1080
2020-08-21,49,2,50,-3,4037,2742,218,1077
2020-08-22,54,5,19,30,4091,2761,223,1107
2020-08-23,34,4,60,-30,4125,2821,227,1077
2020-08-24,32,1,85,-54,4157,2906,228,1023
2020-08-25,45,3,34,8,4202,2940,231,1031
2020-08-26,21,2,17,2,4223,2957,233,1033
2020-08-27,25,3,59,-37,4248,3016,236,996
2020-08-28,57,3,39,15,4305,3055,239,1011
2020-08-29,56,11,61,-16,4361,3116,250,995
2020-08-30,40,0,16,24,4401,3132,250,1019
2020-08-31,53,2,26,25,4454,3158,252,1044
2020-09-01,32,2,65,-35,4486,3223,254,1009
2020-09-02,34,6,23,5,4520,3246,260,1014
2020-09-03,63,2,37,24,4583,3283,262,1038
2020-09-04,35,4,36,-5,4618,3319,266,1033
2020-09-05,42,9,13,20,4660,3332,275,1053
2020-09-06,15,3,48,-36,4675,3380,278,1017
2020-09-07,70,3,30,37,4745,3410,281,1054
2020-09-08,41,2,32,7,4786,3442,283,1061
2020-09-09,38,5,27,6,4824,3469,288,1067
2020-09-10,66,5,19,42,4890,3488,293,1109
2020-09-11,55,1,67,-13,4945,3555,294,1096
2020-09-12,73,3,48,22,5018,3603,297,1118
2020-09-13,33,3,48,-18,5051,3651,300,1100
2020-09-14,27,5,101,-79,5078,3752,305,1021
2020-09-15,40,4,50,-14,5118,3802,309,1007
2020-09-16,57,4,42,11,5175,3844,313,1018
2020-09-17,58,3,18,37,5233,3862,316,1055
2020-09-18,60,4,28,28,5293,3890,320,1083
2020-09-19,38,2,35,1,5331,3925,322,1084
2020-09-20,71,1,14,56,5402,3939,323,1140
2020-09-21,47,1,57,-11,5449,3996,324,1129
2020-09-22,48,1,57,-10,5497,4053,325,1119
2020-09-23,110,5,14,91,5607,4067,330,1210
2020-09-24,83,1,33,49,5690,4100,331,1259
2020-09-25,44,5,39,0,5734,4139,336,1259
2020-09-26,60,1,21,38,5794,4160,337,1297
2020-09-27,82,3,42,37,5876,4202,340,1334
2020-09-28,51,2,51,-2,5927,4253,342,1332
2020-09-29,58,0,25,33,5985,4278,342,1365
2020-09-30,110,6,86,18,6095,4364,348,1383
2020-10-01,40,3,65,-28,6135,4429,351,1355
2020-10-02,72,3,86,-17,6207,4515,354,1338
2020-10-03,70,0,93,-23,6277,4608,354,1315
2020-10-04,46,2,65,-21,6323,4673,356,1294
2020-10-05,23,1,75,-53,6346,4748,357,1241
2020-10-06,71,5,4,62,6417,4752,362,1303
2020-10-07,114,2,44,68,6531,4796,364,1371
2020-10-08,83,3,151,-71,6614,4947,367,1300
2020-10-09,63,3,66,-6,6677,5013,370,1294
2020-10-10,66,1,73,-8,6743,5086,371,1286
2020-10-11,33,0,41,-8,6776,5127,371,1278
2020-10-12,45,4,53,-12,6821,5180,375,1266
2020-10-13,66,3,17,46,6887,5197,378,1312
2020-10-14,60,6,57,-3,6947,5254,384,1309
2020-10-15,58,3,26,29,7005,5280,387,1338
2020-10-16,53,0,65,-12,7058,5345,387,1326
2020-10-17,46,0,47,-1,7104,5392,387,1325
2020-10-18,39,4,56,-21,7143,5448,391,1304
2020-10-19,39,2,7,30,7182,5455,393,1334
2020-10-20,47,2,48,-3,7229,5503,395,1331
2020-10-21,99,3,32,64,7328,5535,398,1395
2020-10-22,34,1,80,-47,7362,5615,399,1348
2020-10-23,73,8,62,3,7435,5677,407,1351
2020-10-24,65,1,40,24,7500,5717,408,1375
2020-10-25,22,0,182,-160,7522,5899,408,1215
2020-10-26,16,2,131,-117,7538,6030,410,1098
2020-10-27,43,1,60,-18,7581,6090,411,1080
2020-10-28,86,0,38,48,7667,6128,411,1128
2020-10-29,77,2,138,-63,7744,6266,413,1065
2020-10-30,43,0,32,11,7787,6298,413,1076
2020-10-31,62,1,36,25,7849,6334,414,1101
2020-11-01,54,10,66,-22,7903,6400,424,1079
2020-11-02,18,5,9,4,7921,6409,429,1083
2020-11-03,31,6,82,-57,7952,6491,435,1026
2020-11-04,70,5,47,18,8022,6538,440,1044
2020-11-05,68,3,90,-25,8090,6628,443,1019
2020-11-06,94,1,44,49,8184,6672,444,1068
2020-11-07,83,2,4,77,8267,6676,446,1145
2020-11-08,42,3,98,-59,8309,6774,449,1086
2020-11-09,26,3,27,-4,8335,6801,452,1082
2020-11-10,51,1,38,12,8386,6839,453,1094
2020-11-11,76,5,85,-14,8462,6924,458,1080
2020-11-12,72,4,52,16,8534,6976,462,1096
2020-11-13,68,2,12,54,8602,6988,464,1150
2020-11-14,64,2,38,24,8666,7026,466,1174
2020-11-15,44,0,34,10,8710,7060,466,1184
2020-11-16,45,1,99,-55,8755,7159,467,1129
2020-11-17,50,0,31,19,8805,7190,467,1148
2020-11-18,50,2,21,27,8855,7211,469,1175
2020-11-19,44,13,41,-10,8899,7252,482,1165
2020-11-20,71,2,24,45,8970,7276,484,1210
2020-11-21,53,1,1,51,9023,7277,485,1261
2020-11-22,57,1,23,33,9080,7300,486,1294
2020-11-23,33,1,20,12,9113,7320,487,1306
2020-11-24,47,4,67,-24,9160,7387,491,1282
2020-11-25,59,0,48,11,9219,7435,491,1293
2020-11-26,81,3,36,42,9300,7471,494,1335
2020-11-27,49,3,46,0,9349,7517,497,1335
2020-11-28,38,3,46,-11,9387,7563,500,1324
2020-11-29,41,2,47,-8,9428,7610,502,1316
2020-11-30,35,5,48,-18,9463,7658,507,1298
2020-12-01,67,6,93,-32,9530,7751,513,1266
2020-12-02,51,3,26,22,9581,7777,516,1288
2020-12-03,77,3,76,-2,9658,7853,519,1286
2020-12-04,88,7,119,-38,9746,7972,526,1248
2020-12-05,58,4,51,3,9804,8023,530,1251
2020-12-06,52,8,54,-10,9856,8077,538,1241
2020-12-07,63,3,54,6,9919,8131,541,1247
2020-12-08,68,0,78,-10,9987,8209,541,1237
2020-12-09,40,1,119,-80,10027,8328,542,1157
2020-12-10,58,2,50,6,10085,8378,544,1163
2020-12-11,65,4,66,-5,10150,8444,548,1158
2020-12-12,76,5,48,23,10226,8492,553,1181
2020-12-13,61,3,28,30,10287,8520,556,1211
2020-12-14,48,3,14,31,10335,8534,559,1242
2020-12-15,73,1,57,15,10408,8591,560,1257
2020-12-16,64,5,28,31,10472,8619,565,1288
2020-12-17,79,0,15,64,10551,8634,565,1352
2020-12-18,123,1,35,87,10674,8669,566,1439
2020-12-19,89,3,43,43,10763,8712,569,1482
2020-12-20,84,5,33,46,10847,8745,574,1528
2020-12-21,66,2,36,28,10913,8781,576,1556
2020-12-22,94,2,31,61,11007,8812,578,1617
2020-12-23,109,3,136,-30,11116,8948,581,1587
2020-12-24,81,3,52,26,11197,9000,584,1613
2020-12-25,89,6,31,52,11286,9031,590,1665
2020-12-26,81,1,66,14,11367,9097,591,1679
2020-12-27,95,3,69,23,11462,9166,594,1702
2020-12-28,78,1,9,68,11540,9175,595,1770
2020-12-29,84,1,88,-5,11624,9263,596,1765
2020-12-30,110,2,48,60,11734,9311,598,1825
2020-12-31,92,1,50,41,11826,9361,599,1866
2021-01-01,74,5,57,12,11900,9418,604,1878
2021-01-02,45,1,97,-53,11945,9515,605,1825
2021-01-03,53,0,81,-28,11998,9596,605,1797
2021-01-04,54,0,68,-14,12052,9664,605,1783
2021-01-05,66,2,56,8,12118,9720,607,1791
2021-01-06,99,3,99,-3,12217,9819,610,1788
2021-01-07,63,3,85,-25,12280,9904,613,1763
2021-01-08,102,0,40,62,12382,9944,613,1825
2021-01-09,89,1,78,10,12471,10022,614,1835
2021-01-10,51,5,66,-20,12522,10088,619,1815
2021-01-11,48,2,57,-11,12570,10145,621,1804
2021-01-12,74,1,46,27,12644,10191,622,1831
2021-01-13,80,2,76,2,12724,10267,624,1833
2021-01-14,98,1,38,59,12822,10305,625,1892
2021-01-15,92,4,60,28,12914,10365,629,1920
2021-01-16,78,4,83,-9,12992,10448,633,1911
2021-01-17,76,5,57,14,13068,10505,638,1925
2021-01-18,54,5,60,-11,13122,10565,643,1914
2021-01-19,104,3,87,14,13226,10652,646,1928
2021-01-20,110,1,127,-18,13336,10779,647,1910
2021-01-21,101,6,49,46,13437,10828,653,1956
2021-01-22,71,1,27,43,13508,10855,654,1999
2021-01-23,91,2,43,46,13599,10898,656,2045
2021-01-24,89,1,32,56,13688,10930,657,2101
2021-01-25,89,4,27,58,13777,10957,661,2159
2021-01-26,134,5,101,28,13911,11058,666,2187
2021-01-27,87,6,89,-8,13998,11147,672,2179
2021-01-28,82,3,55,24,14080,11202,675,2203
2021-01-29,86,0,72,14,14166,11274,675,2217
2021-01-30,64,2,104,-42,14230,11378,677,2175
2021-01-31,80,3,68,9,14310,11446,680,2184
2021-02-01,66,1,78,-13,14376,11524,681,2171
2021-02-02,62,3,89,-30,14438,11613,684,2141
2021-02-03,60,4,149,-93,14498,11762,688,2048
2021-02-04,29,1,54,-26,14527,11816,689,2022
2021-02-05,68,2,91,-25,14595,11907,691,1997
2021-02-06,58,0,67,-9,14653,11974,691,1988
2021-02-07,71,4,82,-15,14724,12056,695,1973
2021-02-08,71,2,27,42,14795,12083,697,2015
2021-02-09,62,9,135,-82,14857,12218,706,1933
2021-02-10,74,1,99,-26,14931,12317,707,1907
2021-02-11,40,4,91,-55,14971,12408,711,1852
2021-02-12,56,2,58,-4,15027,12466,713,1848
2021-02-13,57,2,80,-25,15084,12546,715,1823
2021-02-14,66,6,120,-60,15150,12666,721,1763
2021-02-15,51,1,102,-52,15201,12768,722,1711
2021-02-16,52,0,17,35,15253,12785,722,1746
2021-02-17,55,0,18,37,15308,12803,722,1783
2021-02-18,44,2,55,-13,15352,12858,724,1770
2021-02-19,50,0,41,9,15402,12899,724,1779
2021-02-20,88,0,55,33,15490,12954,724,1812
2021-02-21,52,4,40,8,15542,12994,728,1820
2021-02-22,45,4,125,-84,15587,13119,732,1736
2021-02-23,60,4,159,-103,15647,13278,736,1633
2021-02-24,57,3,23,31,15704,13301,739,1664
2021-02-25,75,2,44,29,15779,13345,741,1693
2021-02-26,39,3,64,-28,15818,13409,744,1665
2021-02-27,60,1,120,-61,15878,13529,745,1604
2021-02-28,36,6,154,-124,15914,13683,751,1480
2021-03-01,56,4,111,-59,15970,13794,755,1421
2021-03-02,44,0,38,6,16014,13832,755,1427
2021-03-03,50,0,73,-23,16064,13905,755,1404
2021-03-04,43,3,63,-23,16107,13968,758,1381
2021-03-05,63,1,46,16,16170,14014,759,1397
2021-03-06,58,0,98,-40,16228,14112,759,1357
2021-03-07,65,1,3,61,16293,14115,760,1418
2021-03-08,65,1,78,-14,16358,14193,761,1404
2021-03-09,32,2,48,-18,16390,14241,763,1386
2021-03-10,63,7,86,-30,16453,14327,770,1356
2021-03-11,37,3,35,-1,16490,14362,773,1355
2021-03-12,33,4,31,-2,16523,14393,777,1353
2021-03-13,43,3,41,-1,16566,14434,780,1352
2021-03-14,20,1,34,-15,16586,14468,781,1337
2021-03-15,57,0,40,17,16643,14508,781,1354
2021-03-16,55,4,28,23,16698,14536,785,1377
2021-03-17,45,7,57,-19,16743,14593,792,1358
2021-03-18,39,2,37,0,16782,14630,794,1358
2021-03-19,40,1,36,3,16822,14666,795,1361
2021-03-20,52,1,32,19,16874,14698,796,1380
2021-03-21,54,2,49,3,16928,14747,798,1383
2021-03-22,45,2,260,-217,16973,15007,800,1166
2021-03-23,27,2,88,-63,17000,15095,802,1103
2021-03-24,51,3,59,-11,17051,15154,805,1092
2021-03-25,118,2,131,-15,17169,15285,807,1077
2021-03-26,89,17,26,46,17258,15311,824,1123
2021-03-27,84,2,16,66,17342,15327,826,1189
2021-03-28,101,5,83,13,17443,15410,831,1202
2021-03-29,91,1,70,20,17534,15480,832,1222
2021-03-30,91,2,65,24,17625,15545,834,1246
2021-03-31,102,2,41,59,17727,15586,836,1305
2021-04-01,133,5,27,101,17860,15613,841,1406
2021-04-02,75,4,33,38,17935,15646,845,1444
2021-04-03,39,1,12,26,17974,15658,846,1470
2021-04-04,41,0,55,-14,18015,15713,846,1456
2021-04-05,54,3,50,1,18069,15763,849,1457
2021-04-06,49,4,57,-12,18118,15820,853,1445
2021-04-07,70,3,60,7,18188,15880,856,1452
2021-04-08,90,6,132,-48,18278,16012,862,1404
2021-04-09,79,3,118,-42,18357,16130,865,1362
2021-04-10,94,12,99,-17,18451,16229,877,1345
2021-04-11,52,0,93,-41,18503,16322,877,1304
2021-04-12,63,5,125,-67,18566,16447,882,1237
2021-04-13,60,5,121,-66,18626,16568,887,1171
2021-04-14,78,5,87,-14,18704,16655,892,1157
2021-04-15,63,6,128,-71,18767,16783,898,1086
2021-04-16,77,1,68,8,18844,16851,899,1094
2021-04-17,126,5,97,24,18970,16948,904,1118
2021-04-18,101,2,64,35,19071,17012,906,1153
2021-04-19,111,9,95,7,19182,17107,915,1160
2021-04-20,93,15,59,19,19275,17166,930,1179
2021-04-21,112,3,90,19,19387,17256,933,1198
2021-04-22,119,6,80,33,19506,17336,939,1231
2021-04-23,101,7,52,42,19607,17388,946,1273
2021-04-24,125,3,93,29,19732,17481,949,1302
2021-04-25,144,11,116,17,19876,17597,960,1319
2021-04-26,99,9,68,22,19975,17665,969,1341
2021-04-27,93,10,49,34,20068,17714,979,1375
2021-04-28,137,2,97,38,20205,17811,981,1413
2021-04-29,117,7,124,-14,20322,17935,988,1399
2021-04-30,126,4,77,45,20448,18012,992,1444
2021-05-01,147,5,74,68,20595,18086,997,1512
2021-05-02,130,8,44,78,20725,18130,1005,1590
2021-05-03,113,9,252,-148,20838,18382,1014,1442
2021-05-04,111,10,166,-65,20949,18548,1024,1377
2021-05-05,129,10,51,68,21078,18599,1034,1445
2021-05-06,130,7,127,-4,21208,18726,1041,1441
2021-05-07,142,4,112,26,21350,18838,1045,1467
2021-05-08,150,13,298,-161,21500,19136,1058,1306
2021-05-09,140,5,126,9,21640,19262,1063,1315
2021-05-10,131,7,149,-25,21771,19411,1070,1290
2021-05-11,100,8,122,-30,21871,19533,1078,1260
2021-05-12,126,5,75,46,21997,19608,1083,1306
2021-05-13,99,1,37,61,22096,19645,1084,1367
2021-05-14,67,6,47,14,22163,19692,1090,1381
2021-05-15,74,4,33,37,22237,19725,1094,1418
2021-05-16,77,9,224,-156,22314,19949,1103,1262
2021-05-17,106,5,220,-119,22420,20169,1108,1143
2021-05-18,68,11,188,-131,22488,20357,1119,1012
2021-05-19,75,13,115,-53,22563,20472,1132,959
2021-05-20,95,15,123,-43,22658,20595,1147,916
2021-05-21,120,6,63,51,22778,20658,1153,967
2021-05-22,204,5,112,87,22982,20770,1158,1054
2021-05-23,194,11,81,102,23176,20851,1169,1156
2021-05-24,130,9,93,28,23306,20944,1178,1184
2021-05-25,129,10,97,22,23435,21041,1188,1206
2021-05-26,159,6,46,107,23594,21087,1194,1313
2021-05-27,157,7,103,47,23751,21190,1201,1360
2021-05-28,152,1,79,72,23903,21269,1202,1432
2021-05-29,165,10,263,-108,24068,21532,1212,1324
2021-05-30,122,7,93,22,24190,21625,1219,1346
2021-05-31,142,5,95,42,24332,21720,1224,1388
2021-06-01,150,4,124,22,24482,21844,1228,1410
2021-06-02,129,7,87,35,24611,21931,1235,1445
2021-06-03,161,11,106,44,24772,22037,1246,1489
2021-06-04,156,11,204,-59,24928,22241,1257,1430
2021-06-05,158,3,136,19,25086,22377,1260,1449
2021-06-06,127,10,89,28,25213,22466,1270,1477
2021-06-07,126,10,186,-70,25339,22652,1280,1407
2021-06-08,122,4,146,-28,25461,22798,1284,1379
2021-06-09,152,11,125,16,25613,22923,1295,1395
2021-06-10,154,9,100,45,25767,23023,1304,1440
2021-06-11,128,10,89,29,25895,23112,1314,1469
2021-06-12,184,6,104,74,26079,23216,1320,1543
2021-06-13,144,11,86,47,26223,23302,1331,1590
2021-06-14,88,10,289,-211,26311,23591,1341,1379
2021-06-15,152,7,95,50,26463,23686,1348,1429
2021-06-16,138,6,163,-31,26601,23849,1354,1398
2021-06-17,121,5,88,28,26722,23937,1359,1426
2021-06-18,135,4,146,-15,26857,24083,1363,1411
2021-06-19,119,3,210,-94,26976,24293,1366,1317
2021-06-20,143,6,184,-47,27119,24477,1372,1270
2021-06-21,111,6,83,22,27230,24560,1378,1292
2021-06-22,151,7,95,49,27381,24655,1385,1341
2021-06-23,115,1,68,46,27496,24723,1386,1387
2021-06-24,144,7,84,53,27640,24807,1393,1440
2021-06-25,202,14,147,41,27842,24954,1407,1481
2021-06-26,173,9,109,55,28015,25063,1416,1536
2021-06-27,162,5,107,50,28177,25170,1421,1586
2021-06-28,199,9,246,-56,28376,25416,1430,1530
2021-06-29,164,7,141,16,28540,25557,1437,1546
2021-06-30,223,3,63,157,28763,25620,1440,1703
2021-07-01,229,17,86,126,28992,25706,1457,1829
2021-07-02,243,9,110,124,29235,25816,1466,1953
2021-07-03,246,7,136,103,29481,25952,1473,2056
2021-07-04,244,14,317,-87,29725,26269,1487,1969
2021-07-05,172,8,132,32,29897,26401,1495,2001
2021-07-06,255,9,133,113,30152,26534,1504,2114
2021-07-07,358,16,139,203,30510,26673,1520,2317
2021-07-08,296,16,167,113,30806,26840,1536,2430
2021-07-09,341,6,221,114,31147,27061,1542,2544
2021-07-10,423,38,234,151,31570,27295,1580,2695
2021-07-11,388,12,239,137,31958,27534,1592,2832
2021-07-12,472,17,311,144,32430,27845,1609,2976
2021-07-13,778,8,170,600,33208,28015,1617,3576
2021-07-14,759,10,200,549,33967,28215,1627,4125
2021-07-15,963,10,262,691,34930,28477,1637,4816
2021-07-16,689,16,258,415,35619,28735,1653,5231
2021-07-17,771,22,406,343,36390,29141,1675,5574
2021-07-18,556,21,294,241,36946,29435,1696,5815
2021-07-19,376,41,290,45,37322,29725,1737,5860
2021-07-20,596,5,211,380,37918,29936,1742,6240
2021-07-21,450,12,205,233,38368,30141,1754,6473
2021-07-22,806,11,200,595,39174,30341,1765,7068
2021-07-23,841,27,405,409,40015,30746,1792,7477
2021-07-24,815,30,410,375,40830,31156,1822,7852
2021-07-25,388,22,483,-117,41218,31639,1844,7735
2021-07-26,366,20,325,21,41584,31964,1864,7756
2021-07-27,1020,22,431,567,42604,32395,1886,8323
2021-07-28,1249,37,493,719,43853,32888,1923,9042
2021-07-29,1278,46,505,727,45131,33393,1969,9769
2021-07-30,1002,36,518,448,46133,33911,2005,10217
2021-07-31,893,49,568,276,47026,34479,2054,10493
2021-08-01,547,44,801,-298,47573,35280,2098,10195
2021-08-02,184,34,332,-182,47757,35612,2132,10013
2021-08-03,724,25,494,205,48481,36106,2157,10218
2021-08-04,695,41,499,155,49176,36605,2198,10373
2021-08-05,786,43,609,134,49962,37214,2241,10507
2021-08-06,897,64,701,132,50859,37915,2305,10639
2021-08-07,613,48,626,-61,51472,38541,2353,10578
2021-08-08,394,31,579,-216,51866,39120,2384,10362
2021-08-09,203,35,960,-792,52069,40080,2419,9570
2021-08-10,610,27,564,19,52679,40644,2446,9589
2021-08-11,551,31,734,-214,53230,41378,2477,9375
2021-08-12,273,23,751,-501,53503,42129,2500,8874
2021-08-13,703,20,587,96,54206,42716,2520,8970
2021-08-14,405,31,878,-504,54611,43594,2551,8466
2021-08-15,211,24,564,-377,54822,44158,2575,8089
2021-08-16,237,25,495,-283,55059,44653,2600,7806
2021-08-17,370,29,673,-332,55429,45326,2629,7474
2021-08-18,117,24,439,-346,55546,45765,2653,7128
2021-08-19,305,21,793,-509,55851,46558,2674,6619
2021-08-20,263,24,469,-230,56114,47027,2698,6389
2021-08-21,236,16,467,-247,56350,47494,2714,6142
2021-08-22,175,22,877,-724,56525,48371,2736,5418
2021-08-23,277,23,697,-443,56802,49068,2759,4975
2021-08-24,273,23,523,-273,57075,49591,2782,4702
2021-08-25,167,19,395,-247,57242,49986,2801,4455
2021-08-26,210,21,737,-548,57452,50723,2822,3907
2021-08-27,156,19,524,-387,57608,51247,2841,3520
2021-08-28,115,7,327,-219,57723,51574,2848,3301
2021-08-29,87,22,356,-291,57810,51930,2870,3010
2021-08-30,57,9,507,-459,57867,52437,2879,2551
2021-08-31,102,9,390,-297,57969,52827,2888,2254
2021-09-01,87,18,150,-81,58056,52977,2906,2173
2021-09-02,82,14,184,-116,58138,53161,2920,2057
2021-09-03,94,8,200,-114,58232,53361,2928,1943
2021-09-04,80,7,161,-88,58312,53522,2935,1855
2021-09-05,90,7,136,-53,58402,53658,2942,1802
2021-09-06,56,7,165,-116,58458,53823,2949,1686
2021-09-07,105,8,167,-70,58563,53990,2957,1616
2021-09-08,67,9,154,-96,58630,54144,2966,1520
2021-09-09,108,4,159,-55,58738,54303,2970,1465
2021-09-10,83,4,222,-143,58821,54525,2974,1322
2021-09-11,79,5,162,-88,58900,54687,2979,1234
2021-09-12,57,6,242,-191,58957,54929,2985,1043
2021-09-13,71,7,154,-90,59028,55083,2992,953
2021-09-14,62,6,100,-44,59090,55183,2998,909
2021-09-15,45,3,93,-51,59135,55276,3001,858
2021-09-16,44,3,81,-40,59179,55357,3004,818
2021-09-17,49,5,58,-14,59228,55415,3009,804
2021-09-18,61,5,58,-2,59289,55473,3014,802
2021-09-19,28,1,75,-48,59317,55548,3015,754
2021-09-20,24,5,86,-67,59341,55634,3020,687
2021-09-21,55,4,62,-11,59396,55696,3024,676
2021-09-22,25,1,44,-20,59421,55740,3025,656
2021-09-23,29,3,56,-30,59450,55796,3028,626
2021-09-24,32,3,40,-11,59482,55836,3031,615
2021-09-25,21,2,83,-64,59503,55919,3033,551
2021-09-26,19,3,83,-67,59522,56002,3036,484
2021-09-27,18,1,36,-19,59540,56038,3037,465
2021-09-28,26,3,54,-31,59566,56092,3040,434
2021-09-29,19,3,50,-34,59585,56142,3043,400
2021-09-30,30,4,37,-11,59615,56179,3047,389
2021-10-01,11,2,14,-5,59626,56193,3049,384
2021-10-02,11,2,18,-9,59637,56211,3051,375
2021-10-03,5,0,35,-30,59642,56246,3051,345
2021-10-04,5,0,24,-19,59647,56270,3051,326
2021-10-05,22,1,28,-7,59669,56298,3052,319
2021-10-06,11,1,38,-28,59680,56336,3053,291
2021-10-07,7,0,29,-22,59687,56365,3053,269
2021-10-08,22,1,25,-4,59709,56390,3054,265
2021-10-09,10,2,16,-8,59719,56406,3056,257
2021-10-10,4,1,17,-14,59723,56423,3057,243
2021-10-11,4,0,21,-17,59727,56444,3057,226
2021-10-12,6,1,10,-5,59733,56454,3058,221
2021-10-13,8,2,13,-7,59741,56467,3060,214
2021-10-14,10,0,32,-22,59751,56499,3060,192
2021-10-15,15,0,22,-7,59766,56521,3060,185
2021-10-16,8,0,3,5,59774,56524,3060,190
2021-10-17,11,1,7,3,59785,56531,3061,193
2021-10-18,4,0,9,-5,59789,56540,3061,188
2021-10-19,7,1,5,1,59796,56545,3062,189
2021-10-20,4,0,9,-5,59800,56554,3062,184
2021-10-21,6,1,14,-9,59806,56568,3063,175
2021-10-22,8,1,16,-9,59814,56584,3064,166
2021-10-23,11,0,11,0,59825,56595,3064,166
2021-10-24,7,2,4,1,59832,56599,3066,167
2021-10-25,6,1,6,-1,59838,56605,3067,166
2021-10-26,4,2,73,-71,59842,56678,3069,95
2021-10-27,9,0,8,1,59851,56686,3069,96
2021-10-28,10,0,9,1,59861,56695,3069,97
2021-10-29,2,0,18,-16,59863,56713,3069,81
2021-10-30,3,0,7,-4,59866,56720,3069,77
2021-10-31,2,0,4,-2,59868,56724,3069,75
2021-11-01,0,0,5,-5,59868,56729,3069,70
2021-11-02,3,0,9,-6,59871,56738,3069,64
2021-11-03,2,0,1,1,59873,56739,3069,65
2021-11-04,4,0,3,1,59877,56742,3069,66
2021-11-05,1,0,9,-8,59878,56751,3069,58
2021-11-06,2,0,5,-3,59880,56756,3069,55
2021-11-07,0,1,1,-2,59880,56757,3070,53
2021-11-08,6,0,3,3,59886,56760,3070,56
2021-11-09,5,0,2,3,59891,56762,3070,59
2021-11-10,3,0,3,0,59894,56765,3070,59
2021-11-11,3,0,1,2,59897,56766,3070,61
2021-11-12,6,0,3,3,59903,56769,3070,64
2021-11-13,0,0,2,-2,59903,56771,3070,62
2021-11-14,2,0,3,-1,59905,56774,3070,61
2021-11-15,0,1,12,-13,59905,56786,3071,48
2021-11-16,5,0,3,2,59910,56789,3071,50
2021-11-17,2,0,4,-2,59912,56793,3071,48
2021-11-18,4,0,3,1,59916,56796,3071,49
2021-11-19,0,0,4,-4,59916,56800,3071,45
2021-11-20,2,0,4,-2,59918,56804,3071,43
2021-11-21,0,0,5,-5,59918,56809,3071,38
2021-11-22,0,0,1,-1,59918,56810,3071,37
2021-11-23,3,0,2,1,59921,56812,3071,38
2021-11-24,4,0,4,0,59925,56816,3071,38
2021-11-25,0,0,0,0,59925,56816,3071,38
2021-11-26,0,0,0,0,59925,56816,3071,38
2021-11-27,3,0,3,0,59928,56819,3071,38
2021-11-28,2,0,1,1,59930,56820,3071,39
2021-11-29,0,1,4,-5,59930,56824,3072,34
2021-11-30,2,0,1,1,59932,56825,3072,35
2021-12-01,1,0,2,-1,59933,56827,3072,34
2021-12-02,4,0,4,0,59937,56831,3072,34
2021-12-03,4,0,2,2,59941,56833,3072,36
2021-12-04,1,0,0,1,59942,56833,3072,37
2021-12-05,1,0,0,1,59943,56833,3072,38
2021-12-06,1,0,1,0,59944,56834,3072,38
2021-12-07,5,0,3,2,59949,56837,3072,40
2021-12-08,3,0,0,3,59952,56837,3072,43
2021-12-09,1,0,1,0,59953,56838,3072,43
2021-12-10,4,0,0,4,59957,56838,3072,47
2021-12-11,2,0,5,-3,59959,56843,3072,44
2021-12-12,0,0,2,-2,59959,56845,3072,42
2021-12-13,2,0,2,0,59961,56847,3072,42
2021-12-14,5,1,4,0,59966,56851,3073,42
2021-12-15,1,0,1,0,59967,56852,3073,42
2021-12-16,5,0,0,5,59972,56852,3073,47
2021-12-17,0,1,4,-5,59972,56856,3074,42
2021-12-18,1,5,2,-6,59973,56858,3079,36
2021-12-19,0,0,2,-2,59973,56860,3079,34
2021-12-20,1,0,3,-2,59974,56863,3079,32
2021-12-21,2,0,2,0,59976,56865,3079,32
2021-12-22,0,3,4,-7,59976,56869,3082,25
2021-12-23,1,0,2,-1,59977,56871,3082,24
2021-12-24,2,0,2,0,59979,56873,3082,24
2021-12-25,2,0,5,-3,59981,56878,3082,21
2021-12-26,0,0,5,-5,59981,56883,3082,16
2021-12-27,0,0,0,0,59981,56883,3082,16
2021-12-28,4,0,1,3,59985,56884,3082,19
2021-12-29,0,0,0,0,59985,56884,3082,19
2021-12-30,1,0,2,-1,59986,56886,3082,18
2021-12-31,0,0,2,-2,59986,56888,3082,16
2022-01-01,0,0,4,-4,59986,56892,3082,12
2022-01-02,1,0,0,1,59987,56892,3082,13
2022-01-03,1,0,0,1,59988,56892,3082,14
2022-01-04,1,0,1,0,59989,56893,3082,14
2022-01-05,0,0,4,-4,59989,56897,3082,10
2022-01-06,1,0,0,1,59990,56897,3082,11
2022-01-07,0,0,0,0,59990,56897,3082,11
2022-01-08,0,0,0,0,59990,56897,3082,11
2022-01-09,1,0,2,-1,59991,56899,3082,10
2022-01-10,1,0,0,1,59992,56899,3082,11
2022-01-11,4,0,0,4,59996,56899,3082,15
2022-01-12,1,0,2,-1,59997,56901,3082,14
2022-01-13,2,0,0,2,59999,56901,3082,16
2022-01-14,0,0,0,0,59999,56901,3082,16
2022-01-15,1,0,1,0,60000,56902,3082,16
2022-01-16,1,0,0,1,60001,56902,3082,17
2022-01-17,0,0,0,0,60001,56902,3082,17
2022-01-18,7,0,0,7,60008,56902,3082,24
2022-01-19,1,0,0,1,60009,56902,3082,25
2022-01-20,3,0,0,3,60012,56902,3082,28
2022-01-21,2,0,0,2,60014,56902,3082,30
2022-01-22,4,0,3,1,60018,56905,3082,31
2022-01-23,1,1,2,-2,60019,56907,3083,29
2022-01-24,6,0,2,4,60025,56909,3083,33
2022-01-25,5,1,6,-2,60030,56915,3084,31
2022-01-26,11,0,1,10,60041,56916,3084,41
2022-01-27,10,0,1,9,60051,56917,3084,50
2022-01-28,20,0,1,19,60071,56918,3084,69
2022-01-29,20,1,0,19,60091,56918,3085,88
2022-01-30,26,0,1,25,60117,56919,3085,113
2022-01-31,41,0,7,34,60158,56926,3085,147
2022-02-01,65,0,0,65,60223,56926,3085,212
2022-02-02,32,0,3,29,60255,56929,3085,241
2022-02-03,112,0,6,106,60367,56935,3085,347
2022-02-04,116,0,3,113,60483,56938,3085,460
2022-02-05,183,0,12,171,60666,56950,3085,631
2022-02-06,155,0,26,129,60821,56976,3085,760
2022-02-07,121,3,27,91,60942,57003,3088,851
2022-02-08,361,0,27,334,61303,57030,3088,1185
2022-02-09,305,0,40,265,61608,57070,3088,1450
2022-02-10,395,0,23,372,62003,57093,3088,1822
2022-02-11,445,0,34,411,62448,57127,3088,2233
2022-02-12,639,0,30,609,63087,57157,3088,2842
2022-02-13,645,2,74,569,63732,57231,3090,3411
2022-02-14,480,3,79,398,64212,57310,3093,3809
2022-02-15,1095,0,89,1006,65307,57399,3093,4815
2022-02-16,1043,5,95,943,66350,57494,3098,5758
2022-02-17,1291,4,124,1163,67641,57618,3102,6921
2022-02-18,974,4,147,823,68615,57765,3106,7744
2022-02-19,1042,3,216,823,69657,57981,3109,8567
2022-02-20,711,5,345,361,70368,58326,3114,8928
2022-02-21,469,11,349,109,70837,58675,3125,9037
2022-02-22,1166,9,368,789,72003,59043,3134,9826
2022-02-23,1193,7,322,864,73196,59365,3141,10690
2022-02-24,963,7,492,464,74159,59857,3148,11154
2022-02-25,765,4,571,190,74924,60428,3152,11344
2022-02-26,832,6,710,116,75756,61138,3158,11460
2022-02-27,587,5,622,-40,76343,61760,3163,11420
2022-02-28,113,5,682,-574,76456,62442,3168,10846
2022-03-01,313,5,648,-340,76769,63090,3173,10506
2022-03-02,487,6,729,-248,77256,63819,3179,10258
2022-03-03,452,9,797,-354,77708,64616,3188,9904
2022-03-04,271,9,507,-245,77979,65123,3197,9659
2022-03-05,326,4,987,-665,78305,66110,3201,8994
2022-03-06,217,12,914,-709,78522,67024,3213,8285
2022-03-07,98,7,691,-600,78620,67715,3220,7685
2022-03-08,221,9,679,-467,78841,68394,3229,7218
2022-03-09,232,6,559,-333,79073,68953,3235,6885
2022-03-10,179,9,811,-641,79252,69764,3244,6244
2022-03-11,108,7,840,-739,79360,70604,3251,5505
2022-03-12,109,11,616,-518,79469,71220,3262,4987
2022-03-13,92,8,493,-409,79561,71713,3270,4578
2022-03-14,62,4,516,-458,79623,72229,3274,4120
2022-03-15,104,4,336,-236,79727,72565,3278,3884
2022-03-16,81,4,334,-257,79808,72899,3282,3627
2022-03-17,43,2,280,-239,79851,73179,3284,3388
2022-03-18,35,2,185,-152,79886,73364,3286,3236
2022-03-19,60,5,228,-173,79946,73592,3291,3063
2022-03-20,32,7,147,-122,79978,73739,3298,2941
2022-03-21,16,2,529,-515,79994,74268,3300,2426
2022-03-22,56,3,520,-467,80050,74788,3303,1959
2022-03-23,27,1,322,-296,80077,75110,3304,1663
2022-03-24,38,4,196,-162,80115,75306,3308,1501
2022-03-25,23,0,78,-55,80138,75384,3308,1446
2022-03-26,10,1,271,-262,80148,75655,3309,1184
2022-03-27,15,7,51,-43,80163,75706,3316,1141
2022-03-28,4,1,68,-65,80167,75774,3317,1076
2022-03-29,19,1,66,-48,80186,75840,3318,1028
2022-03-30,28,5,180,-157,80214,76020,3323,871
2022-03-31,18,3,186,-171,80232,76206,3326,700
2022-04-01,8,0,31,-23,80240,76237,3326,677
2022-04-02,8,1,46,-39,80248,76283,3327,638
2022-04-03,11,1,35,-25,80259,76318,3328,613
2022-04-04,6,1,135,-130,80265,76453,3329,483
2022-04-05,19,0,183,-164,80284,76636,3329,319
2022-04-06,8,0,45,-37,80292,76681,3329,282
2022-04-07,9,0,13,-4,80301,76694,3329,278
2022-04-08,12,0,101,-89,80313,76795,3329,189
2022-04-09,11,0,17,-6,80324,76812,3329,183
2022-04-10,7,0,8,-1,80331,76820,3329,182
2022-04-11,5,0,41,-36,80336,76861,3329,146
2022-04-12,21,2,21,-2,80357,76882,3331,144
2022-04-13,6,0,19,-13,80363,76901,3331,131
2022-04-14,3,0,15,-12,80366,76916,3331,119
2022-04-15,5,1,8,-4,80371,76924,3332,115
2022-04-16,15,2,13,0,80386,76937,3334,115
2022-04-17,1,0,10,-9,80387,76947,3334,106
2022-04-18,4,1,18,-15,80391,76965,3335,91
2022-04-19,4,1,13,-10,80395,76978,3336,81
2022-04-20,8,0,5,3,80403,76983,3336,84
2022-04-21,8,1,9,-2,80411,76992,3337,82
2022-04-22,3,1,7,-5,80414,76999,3338,77
2022-04-23,2,0,8,-6,80416,77007,3338,71
2022-04-24,3,0,4,-1,80419,77011,3338,70
2022-04-25,4,0,11,-7,80423,77022,3338,63
2022-04-26,4,1,5,-2,80427,77027,3339,61
2022-04-27,4,1,1,2,80431,77028,3340,63
2022-04-28,1,0,8,-7,80432,77036,3340,56
2022-04-29,2,0,2,0,80434,77038,3340,56
2022-04-30,1,0,2,-1,80435,77040,3340,55
2022-05-01,2,0,17,-15,80437,77057,3340,40
2022-05-02,0,0,0,0,80437,77057,3340,40
2022-05-03,0,0,8,-8,80437,77065,3340,32
2022-05-04,1,0,1,0,80438,77066,3340,32
2022-05-05,2,1,4,-3,80440,77070,3341,29
2022-05-06,0,0,2,-2,80440,77072,3341,27
2022-05-07,2,0,0,2,80442,77072,3341,29
2022-05-08,2,0,0,2,80444,77072,3341,31
2022-05-09,0,0,0,0,80444,77072,3341,31
2022-05-10,1,2,6,-7,80445,77078,3343,24
2022-05-11,2,0,1,1,80447,77079,3343,25
2022-05-12,5,0,2,3,80452,77081,3343,28
2022-05-13,0,0,0,0,80452,77081,3343,28
2022-05-14,6,0,0,6,80458,77081,3343,34
2022-05-15,2,0,0,2,80460,77081,3343,36
2022-05-16,0,0,0,0,80460,77081,3343,36
2022-05-17,1,0,3,-2,80461,77084,3343,34
2022-05-18,1,0,0,1,80462,77084,3343,35
2022-05-19,3,0,0,3,80465,77084,3343,38
2022-05-20,0,0,1,-1,80465,77085,3343,37
2022-05-21,3,0,5,-2,80468,77090,3343,35
2022-05-22,0,0,1,-1,80468,77091,3343,34
2022-05-23,1,0,1,0,80469,77092,3343,34
2022-05-24,4,0,3,1,80473,77095,3343,35
2022-05-25,1,0,8,-7,80474,77103,3343,28
2022-05-26,2,0,6,-4,80476,77109,3343,24
2022-05-27,2,0,2,0,80478,77111,3343,24
2022-05-28,0,0,0,0,80478,77111,3343,24
2022-05-29,3,0,2,1,80481,77113,3343,25
2022-05-30,0,0,2,-2,80481,77115,3343,23
2022-05-31,0,0,0,0,80481,77115,3343,23
2022-06-01,2,0,1,1,80483,77116,3343,24
2022-06-02,2,0,4,-2,80485,77120,3343,22
2022-06-03,2,0,1,1,80487,77121,3343,23
2022-06-04,1,0,0,1,80488,77121,3343,24
2022-06-05,2,0,1,1,80490,77122,3343,25
2022-06-06,0,0,0,0,80490,77122,3343,25
2022-06-07,3,0,0,3,80493,77122,3343,28
2022-06-08,1,0,1,0,80494,77123,3343,28
2022-06-09,2,0,5,-3,80496,77128,3343,25
2022-06-10,2,0,1,1,80498,77129,3343,26
2022-06-11,1,0,1,0,80499,77130,3343,26
2022-06-12,1,0,2,-1,80500,77132,3343,25
2022-06-13,1,0,0,1,80501,77132,3343,26
2022-06-14,6,1,8,-3,80507,77140,3344,23
2022-06-15,2,0,1,1,80509,77141,3344,24
2022-06-16,3,0,1,2,80512,77142,3344,26
2022-06-17,7,1,1,5,80519,77143,3345,31
2022-06-18,3,0,2,1,80522,77145,3345,32
2022-06-19,2,0,0,2,80524,77145,3345,34
2022-06-20,2,0,0,2,80526,77145,3345,36
2022-06-21,4,0,0,4,80530,77145,3345,40
2022-06-22,5,0,0,5,80535,77145,3345,45
2022-06-23,6,0,4,2,80541,77149,3345,47
2022-06-24,4,0,4,0,80545,77153,3345,47
2022-06-25,5,0,1,4,80550,77154,3345,51
2022-06-26,5,1,4,0,80555,77158,3346,51
2022-06-27,2,0,2,0,80557,77160,3346,51
2022-06-28,3,1,2,0,80560,77162,3347,51
2022-06-29,4,0,12,-8,80564,77174,3347,43
2022-06-30,8,1,4,3,80572,77178,3348,46
2022-07-01,4,0,1,3,80576,77179,3348,49
2022-07-02,1,0,2,-1,80577,77181,3348,48
2022-07-03,3,0,1,2,80580,77182,3348,50
2022-07-04,7,0,2,5,80587,77184,3348,55
2022-07-05,12,0,1,11,80599,77185,3348,66
2022-07-06,4,0,8,-4,80603,77193,3348,62
2022-07-07,7,0,4,3,80610,77197,3348,65
2022-07-08,4,0,5,-1,80614,77202,3348,64
2022-07-09,7,0,1,6,80621,77203,3348,70
2022-07-10,3,0,0,3,80624,77203,3348,73
2022-07-11,6,0,8,-2,80630,77211,3348,71
2022-07-12,11,0,0,11,80641,77211,3348,82
2022-07-13,9,0,2,7,80650,77213,3348,89
2022-07-14,11,0,2,9,80661,77215,3348,98
2022-07-15,8,0,0,8,80669,77215,3348,106
2022-07-16,8,1,25,-18,80677,77240,3349,88
2022-07-17,17,0,4,13,80694,77244,3349,101
2022-07-18,5,0,2,3,80699,77246,3349,104
2022-07-19,18,0,8,10,80717,77254,3349,114
2022-07-20,15,0,0,15,80732,77254,3349,129
2022-07-21,13,0,0,13,80745,77254,3349,142
2022-07-22,24,0,9,15,80769,77263,3349,157
2022-07-23,18,0,2,16,80787,77265,3349,173
2022-07-24,14,0,1,13,80801,77266,3349,186
2022-07-25,9,1,15,-7,80810,77281,3350,179
2022-07-26,14,0,29,-15,80824,77310,3350,164
2022-07-27,51,0,12,39,80875,77322,3350,203
2022-07-28,29,1,8,20,80904,77330,3351,223
2022-07-29,23,1,7,15,80927,77337,3352,238
2022-07-30,15,0,2,13,80942,77339,3352,251
2022-07-31,8,0,8,0,80950,77347,3352,251
2022-08-01,23,0,19,4,80973,77366,3352,255
2022-08-02,38,1,14,23,81011,77380,3353,278
2022-08-03,34,0,13,21,81045,77393,3353,299
2022-08-04,33,0,7,26,81078,77400,3353,325
2022-08-05,34,1,26,7,81112,77426,3354,332
2022-08-06,30,0,22,8,81142,77448,3354,340
2022-08-07,43,0,5,38,81185,77453,3354,378
2022-08-08,21,1,23,-3,81206,77476,3355,375
2022-08-09,57,0,21,36,81263,77497,3355,411
2022-08-10,57,0,40,17,81320,77537,3355,428
2022-08-11,33,0,21,12,81353,77558,3355,440
2022-08-12,24,0,5,19,81377,77563,3355,459
2022-08-13,32,3,16,13,81409,77579,3358,472
2022-08-14,36,0,6,30,81445,77585,3358,502
2022-08-15,17,1,26,-10,81462,77611,3359,492
2022-08-16,31,0,31,0,81493,77642,3359,492
2022-08-17,27,2,7,18,81520,77649,3361,510
2022-08-18,21,0,33,-12,81541,77682,3361,498
2022-08-19,41,0,25,16,81582,77707,3361,514
2022-08-20,31,0,49,-18,81613,77756,3361,496
2022-08-21,19,0,6,13,81632,77762,3361,509
2022-08-22,8,0,30,-22,81640,77792,3361,487
2022-08-23,31,0,4,27,81671,77796,3361,514
